{
 "cells": [
  {
   "cell_type": "code",
   "execution_count": 1,
   "id": "c5048f01",
   "metadata": {},
   "outputs": [
    {
     "data": {
      "text/plain": [
       "array([[ 2.,  5.],\n",
       "       [ 1., -1.],\n",
       "       [ 3.,  4.],\n",
       "       [ 8., -2.],\n",
       "       [ 9., -1.]])"
      ]
     },
     "execution_count": 1,
     "metadata": {},
     "output_type": "execute_result"
    }
   ],
   "source": [
    "import numpy as np\n",
    "\n",
    "labels = [\"A\", \"B\", \"C\", \"D\", \"E\"]\n",
    "X = np.array([\n",
    "    [2,  5],   # A (index 0)\n",
    "    [1, -1],   # B (index 1)\n",
    "    [3,  4],   # C (index 2)\n",
    "    [8, -2],   # D (index 3)\n",
    "    [9, -1],   # E (index 4)\n",
    "], dtype=float)\n",
    "\n",
    "X\n"
   ]
  },
  {
   "cell_type": "code",
   "execution_count": 2,
   "id": "e244dfaa",
   "metadata": {},
   "outputs": [
    {
     "name": "stdout",
     "output_type": "stream",
     "text": [
      "Point-to-point distance matrix D0 (Euclidean):\n",
      "           A       B       C       D       E\n",
      "  A   0.000   6.083   1.414   9.220   9.220\n",
      "  B   6.083   0.000   5.385   7.071   8.000\n",
      "  C   1.414   5.385   0.000   7.810   7.810\n",
      "  D   9.220   7.071   7.810   0.000   1.414\n",
      "  E   9.220   8.000   7.810   1.414   0.000\n"
     ]
    },
    {
     "data": {
      "text/plain": [
       "array([[0.        , 6.08276253, 1.41421356, 9.21954446, 9.21954446],\n",
       "       [6.08276253, 0.        , 5.38516481, 7.07106781, 8.        ],\n",
       "       [1.41421356, 5.38516481, 0.        , 7.81024968, 7.81024968],\n",
       "       [9.21954446, 7.07106781, 7.81024968, 0.        , 1.41421356],\n",
       "       [9.21954446, 8.        , 7.81024968, 1.41421356, 0.        ]])"
      ]
     },
     "execution_count": 2,
     "metadata": {},
     "output_type": "execute_result"
    }
   ],
   "source": [
    "from math import sqrt\n",
    "\n",
    "def euclidean(a, b):\n",
    "    return sqrt(((a - b) ** 2).sum())\n",
    "\n",
    "n = len(X)\n",
    "D0 = np.zeros((n, n), dtype=float)\n",
    "for i in range(n):\n",
    "    for j in range(n):\n",
    "        D0[i, j] = euclidean(X[i], X[j])\n",
    "\n",
    "print(\"Point-to-point distance matrix D0 (Euclidean):\")\n",
    "print(\"      \" + \"  \".join(f\"{lab:>6s}\" for lab in labels))\n",
    "for i, lab in enumerate(labels):\n",
    "    row = \"  \".join(f\"{D0[i,j]:6.3f}\" for j in range(n))\n",
    "    print(f\"{lab:>3s}  {row}\")\n",
    "\n",
    "D0\n"
   ]
  },
  {
   "cell_type": "code",
   "execution_count": 3,
   "id": "e9bfcaff",
   "metadata": {},
   "outputs": [
    {
     "name": "stdout",
     "output_type": "stream",
     "text": [
      "Condensed pdist vector Y (SciPy’s internal compact format):\n",
      "[6.08276253 1.41421356 9.21954446 9.21954446 5.38516481 7.07106781\n",
      " 8.         7.81024968 7.81024968 1.41421356]\n",
      "\n",
      "Does squareform(Y) match our D0?\n",
      "True\n"
     ]
    }
   ],
   "source": [
    "from scipy.spatial.distance import pdist, squareform\n",
    "\n",
    "Y = pdist(X, metric=\"euclidean\")     # condensed vector\n",
    "D_sq = squareform(Y)                # expanded NxN matrix\n",
    "\n",
    "print(\"Condensed pdist vector Y (SciPy’s internal compact format):\")\n",
    "print(Y)\n",
    "\n",
    "print(\"\\nDoes squareform(Y) match our D0?\")\n",
    "print(np.allclose(D_sq, D0))\n"
   ]
  },
  {
   "cell_type": "code",
   "execution_count": 4,
   "id": "c3bf66e7",
   "metadata": {},
   "outputs": [
    {
     "data": {
      "text/plain": [
       "array([[0.        , 6.08276253, 1.41421356, 9.21954446, 9.21954446],\n",
       "       [6.08276253, 0.        , 5.38516481, 7.07106781, 8.        ],\n",
       "       [1.41421356, 5.38516481, 0.        , 7.81024968, 7.81024968],\n",
       "       [9.21954446, 7.07106781, 7.81024968, 0.        , 1.41421356],\n",
       "       [9.21954446, 8.        , 7.81024968, 1.41421356, 0.        ]])"
      ]
     },
     "execution_count": 4,
     "metadata": {},
     "output_type": "execute_result"
    }
   ],
   "source": [
    "D_sq"
   ]
  },
  {
   "cell_type": "code",
   "execution_count": 6,
   "id": "8d67fbfb",
   "metadata": {},
   "outputs": [
    {
     "name": "stdout",
     "output_type": "stream",
     "text": [
      "SciPy linkage matrix Z_scipy:\n",
      "[[0.         2.         1.41421356 2.        ]\n",
      " [3.         4.         1.41421356 2.        ]\n",
      " [1.         5.         6.08276253 3.        ]\n",
      " [6.         7.         9.21954446 5.        ]]\n"
     ]
    }
   ],
   "source": [
    "from scipy.cluster.hierarchy import linkage\n",
    "\n",
    "Z_scipy = linkage(X, method=\"complete\", metric=\"euclidean\")\n",
    "\n",
    "print(\"SciPy linkage matrix Z_scipy:\")\n",
    "print(Z_scipy)\n"
   ]
  },
  {
   "cell_type": "code",
   "execution_count": 7,
   "id": "2e0559da",
   "metadata": {},
   "outputs": [
    {
     "data": {
      "text/plain": [
       "array([[0.        , 2.        , 1.41421356, 2.        ],\n",
       "       [3.        , 4.        , 1.41421356, 2.        ],\n",
       "       [1.        , 5.        , 6.08276253, 3.        ],\n",
       "       [6.        , 7.        , 9.21954446, 5.        ]])"
      ]
     },
     "execution_count": 7,
     "metadata": {},
     "output_type": "execute_result"
    }
   ],
   "source": [
    "Z_scipy"
   ]
  },
  {
   "cell_type": "code",
   "execution_count": 8,
   "id": "6a958c34",
   "metadata": {},
   "outputs": [
    {
     "data": {
      "text/plain": [
       "array([[ 2.,  5.],\n",
       "       [ 1., -1.],\n",
       "       [ 3.,  4.],\n",
       "       [ 8., -2.],\n",
       "       [ 9., -1.]])"
      ]
     },
     "execution_count": 8,
     "metadata": {},
     "output_type": "execute_result"
    }
   ],
   "source": [
    "X"
   ]
  },
  {
   "cell_type": "code",
   "execution_count": 9,
   "id": "f4e2d908",
   "metadata": {},
   "outputs": [
    {
     "data": {
      "text/plain": [
       "array([23.,  5.])"
      ]
     },
     "execution_count": 9,
     "metadata": {},
     "output_type": "execute_result"
    }
   ],
   "source": [
    "X.sum(axis=0)"
   ]
  },
  {
   "cell_type": "code",
   "execution_count": 10,
   "id": "6dc1bbec",
   "metadata": {},
   "outputs": [
    {
     "data": {
      "text/plain": [
       "array([7., 0., 7., 6., 8.])"
      ]
     },
     "execution_count": 10,
     "metadata": {},
     "output_type": "execute_result"
    }
   ],
   "source": [
    "X.sum(axis=1)"
   ]
  },
  {
   "cell_type": "code",
   "execution_count": null,
   "id": "1635c280",
   "metadata": {},
   "outputs": [],
   "source": []
  }
 ],
 "metadata": {
  "kernelspec": {
   "display_name": "d2l",
   "language": "python",
   "name": "python3"
  },
  "language_info": {
   "codemirror_mode": {
    "name": "ipython",
    "version": 3
   },
   "file_extension": ".py",
   "mimetype": "text/x-python",
   "name": "python",
   "nbconvert_exporter": "python",
   "pygments_lexer": "ipython3",
   "version": "3.9.25"
  }
 },
 "nbformat": 4,
 "nbformat_minor": 5
}
